BPM 0.000000 110.000000 0 -500.000000
LANE 0 1
0.0 2.0
2181.81811523438 2.0
2590.9091796875 -167.0
3000.0 7.0
5454.54541015625 7.0
5727.27294921875 -113.983947753906
6545.45458984375 -113.983947753906
7090.9091796875 -296.14404296875
7363.63623046875 -118.344055175781
8727.2724609375 -118.344055175781
10909.0908203125 145.408020019531
13090.9091796875 -123.831970214844
15272.7275390625 314.327941894531
17454.544921875 -306.968078613281
18545.455078125 276.712036132813
19636.36328125 -227.247985839844
21818.181640625 248.823974609375
24000.0 248.823974609375
26181.818359375 -256.759979248047
26590.908203125 2.599853515625
27000.0 -139.960144042969
28363.63671875 -139.960144042969
28772.7265625 -343.191986083984
30000.0 109.999938964844
30545.455078125 -127.600036621094
30954.544921875 61.8399047851563
31363.63671875 -129.680053710938
32181.818359375 122.759948730469
32727.2734375 122.759948730469
33136.36328125 -192.032043457031
33545.453125 6.68798828125
34909.08984375 6.68798828125
35318.18359375 193.680053710938
35727.2734375 -158.831970214844
37090.91015625 139.576049804688
37500.0 -207.096038818359
39272.7265625 13.5040283203125
39681.81640625 13.5040283203125
40090.91015625 -272.607971191406
41454.546875 223.944030761719
41863.63671875 88.0399780273438
42272.7265625 -247.192047119141
43636.36328125 112.9599609375
44045.453125 -97.3319091796875
44454.546875 71.8739013671875
45818.18359375 -195.862426757813
48000.0 -195.862426757813
50181.81640625 2.8106689453125
51272.7265625 2.8106689453125
52363.63671875 -247.90234375
56727.2734375 -247.90234375
57545.453125 -132.883422851563
65454.546875 -132.883422851563
66272.7265625 0.8172607421875
69818.1796875 0.8172607421875
END
LANE 1 0
51272.7265625 2.81050562858582
52363.63671875 259.714965820313
57818.18359375 259.714965820313
58363.63671875 136.971801757813
66545.453125 136.971801757813
67090.90625 0.908447265625
END
0.000000 0 1 409.090912 0 0
1090.909058 0 1 1363.636353 0 0
2181.818115 0 0 2181.818115 0 0
2590.909180 0 0 2590.909180 0 0
3000.000000 0 1 3818.181818 0 0
4363.636230 1 0 4363.636230 0 0
4772.727051 1 0 4772.727051 0 0
5454.545410 1 1 6000.000000 0 0
6545.454590 1 1 6954.545455 0 0
7363.636230 1 0 7363.636230 0 0
8727.272461 0 0 8727.272461 0 0
9272.727539 0 0 9272.727539 0 0
9818.181641 0 1 10363.636719 0 0
10909.090820 0 0 10909.090820 0 0
11454.545898 0 0 11454.545898 0 0
12000.000000 0 1 12545.454545 0 0
13090.909180 1 0 13090.909180 0 0
13636.363281 1 0 13636.363281 0 0
14181.818359 1 1 14727.272461 0 0
15272.727539 1 0 15272.727539 0 0
15818.181641 1 0 15818.181641 0 0
16363.636719 1 1 16909.091797 0 0
17454.544922 0 0 17454.544922 0 0
18000.000000 0 0 18000.000000 0 0
18545.455078 1 0 18545.455078 0 0
19090.908203 1 0 19090.908203 0 0
19636.363281 0 1 21818.082031 0 0
22909.091797 0 0 22909.091797 0 0
24000.000000 1 1 25090.908203 0 0
26181.818359 0 1 27000.000000 0 0
27272.726563 1 0 27272.726563 0 0
27818.181641 1 0 27818.181641 0 0
28363.636719 0 0 28363.636719 0 0
28772.727273 0 0 28772.727273 0 0
29181.818359 0 1 30000.000000 0 0
30545.455078 1 0 30545.455078 0 0
30954.544922 1 0 30954.544922 0 0
31363.636719 1 0 31363.636719 0 0
31636.363281 0 0 31636.363281 0 0
32181.818359 0 0 32181.818359 0 0
31909.091797 0 0 31909.091797 0 0
32727.273438 1 0 32727.273438 0 0
33136.363281 1 0 33136.363281 0 0
33545.453125 1 1 34500.000000 0 0
34909.089844 1 1 35727.273438 0 0
36000.000000 0 0 36000.000000 0 0
36272.726563 0 0 36272.726563 0 0
36545.355469 0 0 36545.355469 0 0
36818.183594 0 0 36818.183594 0 0
37090.910156 0 1 37909.089844 0 0
39272.726563 0 1 40090.910156 0 0
40363.636719 1 0 40363.636719 0 0
40636.363281 1 0 40636.363281 0 0
40909.089844 1 0 40909.089844 0 0
41181.816406 1 0 41181.816406 0 0
41454.546875 0 1 42272.726563 0 0
43636.363281 1 1 44454.546875 0 0
44727.273438 0 0 44727.273438 0 0
45000.000000 0 0 45000.000000 0 0
45272.726563 0 0 45272.726563 0 0
45545.453125 0 0 45545.453125 0 0
45818.183594 1 0 45818.183594 0 0
46227.273438 1 0 46227.273438 0 0
46636.363281 1 0 46636.363281 0 0
48000.000000 0 1 50181.816406 0 0
52363.636719 0 1 53181.816406 1 0
53454.546875 0 1 54000.000000 0 0
54545.453125 0 0 54545.453125 1 0
54545.453125 0 0 54545.453125 0 0
55363.636719 0 0 55363.636719 1 0
55363.636719 0 0 55363.636719 0 0
56727.273438 1 1 57545.453125 0 0
57818.183594 1 1 58363.636719 1 0
58909.089844 1 0 58909.089844 1 0
59318.183594 1 0 59318.183594 0 0
59727.273438 1 0 59727.273438 1 0
61090.910156 0 1 61909.089844 1 0
62181.816406 1 1 62727.273438 0 0
63272.726563 1 1 63681.816406 0 0
63272.726563 0 1 63681.816406 1 0
64090.910156 0 0 64090.910156 1 0
64090.910156 1 0 64090.910156 0 0
65454.546875 1 1 66272.726563 0 0
66545.453125 0 1 67090.812500 1 0
67636.367188 0 0 67636.367188 0 0
68727.273438 0 1 69818.078125 0 0
