BPM 0.000000 110.000000 0 -500.000000
LANE 0 1
0.0 0.0
2181.81811523438 0.0
2590.9091796875 160.047973632813
3000.0 -225.6416015625
4363.63623046875 5.14239501953125
7909.0908203125 5.14239501953125
8727.2724609375 -228.880004882813
10909.0908203125 -228.880004882813
12000.0 429.758422851563
13090.9091796875 -204.76318359375
15272.7275390625 -204.76318359375
17454.544921875 214.280029296875
18545.455078125 61.7279968261719
END
LANE 1 0
7909.0908203125 5.3248291015625
8727.2724609375 214.870361328125
10909.0908203125 214.870361328125
12000.0 -430.78564453125
13090.9091796875 193.368041992188
14181.818359375 193.368041992188
14363.63671875 50.9039916992188
14545.4541015625 156.31201171875
14727.2724609375 88.9200439453125
15272.7275390625 88.9200439453125
17454.544921875 558.151977539063
18545.455078125 421.152038574219
END
0.000000 0 1 409.090912 0 0
818.181824 0 0 818.181824 0 0
1090.909058 0 0 1090.909058 0 0
1363.636353 0 0 1363.636353 0 0
1636.363647 0 1 1909.090942 0 0
2181.818115 1 0 2181.818115 0 0
2590.909180 1 0 2590.909180 0 0
3000.000000 1 1 3818.181818 0 0
4363.636230 0 0 4363.636230 0 0
4772.727051 1 0 4772.727051 0 0
5181.818359 0 0 5181.818359 0 0
5454.545410 1 0 5454.545410 0 0
5727.272949 0 0 5727.272949 0 0
6000.000000 1 0 6000.000000 0 0
6545.454590 2 1 6954.545410 0 0
7363.636230 2 0 7363.636230 0 0
8863.636719 0 0 8863.636719 0 0
9136.363281 0 0 9136.363281 0 0
9272.727539 0 1 9545.454102 1 0
9818.181641 0 0 9818.181641 0 0
10227.272461 0 0 10227.272461 0 0
10363.636719 0 1 10636.363281 1 0
10909.090820 1 1 12748.673828 1 0
10909.090820 1 1 12746.599609 0 0
13227.272461 1 0 0.000000 0 0
13500.000000 1 0 0.000000 1 0
13636.363281 1 1 13909.090820 1 0
14181.818359 1 1 14727.272461 1 0
14727.272461 1 0 0.000000 0 0
15272.727539 1 0 0.000000 0 0
15272.727539 1 0 0.000000 1 0
16090.909180 1 1 16363.636364 0 0
16090.909180 1 1 16363.636364 1 0
16636.363281 1 1 17181.818359 0 0
16636.363281 1 1 17181.818359 1 0
17590.908203 2 0 0.000000 1 0
17863.636719 2 0 0.000000 0 0
18000.000000 2 1 18272.726563 0 0
ZOOM 4363.636230 0.100000 3274.060000 -423.395203
ZOOM 7909.090820 -0.200000 820.480000 -423.862427
MOVE 15272.727539 382.640000 2182.860000 6.551941
