BPM 0.000000 112.000000 0 -500.000000
LANE 0 1
0.0 4.164794921875
4285.71435546875 4.164794921875
6428.5712890625 256.1904296875
10714.2861328125 -247.737609863281
12857.142578125 252.550415039063
15000.0 252.550415039063
17142.857421875 0.36639404296875
19285.71484375 0.36639404296875
19821.427734375 222.784057617188
20357.142578125 -196.083190917969
21428.572265625 10.5152587890625
23571.427734375 10.5152587890625
25714.28515625 212.883178710938
30000.0 -202.022399902344
32142.857421875 -678.840026855469
36428.5703125 -678.840026855469
38571.4296875 -349.438354492188
39642.85546875 -823.302307128906
40714.28515625 -632.686462402344
41785.71484375 -851.59033203125
42857.14453125 -346.96630859375
45000.0 -678.840026855469
48214.28515625 -678.840026855469
49285.71484375 -418.630432128906
49821.4296875 -931.294311523438
51428.5703125 -634.310424804688
52500.0 -794.478454589844
53571.4296875 -542.17431640625
55714.28515625 -679.454406738281
64285.71484375 -679.454406738281
66428.5703125 -994.286315917969
68571.4296875 -678.840026855469
75000.0 -678.840026855469
75535.7109375 -505.670288085938
76071.4296875 -877.190307617188
77142.859375 -671.230285644531
77678.5703125 -858.286315917969
78214.2890625 -475.23828125
79285.7109375 -738.910461425781
79553.5703125 -628.830322265625
79821.4296875 -811.998291015625
80357.140625 -659.670288085938
81428.5703125 -807.734313964844
81696.4296875 -691.630310058594
81964.2890625 -769.390319824219
82500.0 -592.902282714844
83035.7109375 -829.638305664063
83571.4296875 -678.840026855469
87857.140625 -678.840026855469
END
LANE 1 0
55714.28515625 -679.454406738281
56785.71484375 -364.262451171875
64285.71484375 -364.262451171875
66428.5703125 -676.334289550781
68571.4296875 -310.902404785156
70714.2890625 -310.902404785156
71785.7109375 -679.790283203125
END
LANE 2 0
69642.859375 -678.840026855469
70714.2890625 -1108.91845703125
72857.140625 -1108.91845703125
73928.5703125 -679.166320800781
END
LANE 3 0
84642.859375 -678.840026855469
85178.5703125 -945.470336914063
85714.2890625 -675.750305175781
END
0.000000 0 0 0.000000 0 0
4285.714355 0 0 4285.714355 0 0
8571.428711 0 1 9642.857143 0 0
10714.286133 0 1 11785.713867 0 0
12857.142578 1 0 12857.142578 0 0
13928.571289 1 0 13928.571289 0 0
15000.000000 1 1 16607.142578 0 0
17142.857422 0 0 17142.857422 0 0
17678.572266 0 0 17678.572266 0 0
18214.285156 0 1 18750.000000 0 0
19285.714844 0 0 19285.714844 0 0
19821.427734 0 0 19821.427734 0 0
20357.142578 0 1 20892.857422 0 0
21428.572266 1 0 21428.572266 0 0
21964.285156 1 0 21964.285156 0 0
22500.000000 1 0 22500.000000 0 0
23571.427734 1 0 23571.427734 0 0
24107.142578 1 0 24107.142578 0 0
24642.857422 1 0 24642.857422 0 0
25714.285156 1 1 26250.000000 0 0
26785.714844 1 1 27321.427734 0 0
27857.142578 1 1 28392.857422 0 0
28928.572266 1 1 29464.285156 0 0
30000.000000 1 1 32142.857422 0 0
36428.570313 0 0 0.000000 0 0
36964.285156 0 0 0.000000 0 0
37500.000000 1 0 0.000000 0 0
38035.714844 1 0 0.000000 0 0
38571.429688 0 0 0.000000 0 0
39107.144531 0 0 0.000000 0 0
39642.855469 1 0 0.000000 0 0
40178.570313 1 0 0.000000 0 0
40714.285156 0 0 0.000000 0 0
41250.000000 0 0 0.000000 0 0
41785.714844 1 0 0.000000 0 0
42321.429688 1 0 0.000000 0 0
42857.144531 0 1 44464.285156 0 0
45000.000000 0 0 0.000000 0 0
45535.714844 0 0 0.000000 0 0
46071.429688 0 0 0.000000 0 0
46607.144531 0 0 0.000000 0 0
47142.855469 1 0 0.000000 0 0
47678.570313 1 0 0.000000 0 0
48214.285156 1 0 0.000000 0 0
48750.000000 1 0 0.000000 0 0
49285.714844 0 0 0.000000 0 0
49821.429688 0 0 0.000000 0 0
50357.144531 0 0 0.000000 0 0
50892.855469 0 0 0.000000 0 0
51428.570313 1 1 53035.714844 0 0
53571.429688 1 0 0.000000 0 0
54107.144531 1 0 0.000000 0 0
54642.855469 1 0 0.000000 0 0
55178.570313 1 0 0.000000 0 0
55714.285156 0 1 60000.000000 0 0
57857.144531 0 0 0.000000 1 0
58392.855469 0 0 0.000000 1 0
58928.570313 0 0 0.000000 1 0
59464.285156 0 0 0.000000 1 0
60000.000000 0 0 0.000000 1 0
62142.855469 1 0 0.000000 0 0
62142.855469 1 0 0.000000 1 0
62678.570313 1 0 0.000000 0 0
62678.570313 1 0 0.000000 1 0
63214.285156 1 0 0.000000 0 0
63214.285156 1 0 0.000000 1 0
64285.714844 0 0 0.000000 1 0
64821.429688 0 0 0.000000 1 0
65357.144531 0 0 0.000000 1 0
65357.144531 0 0 0.000000 0 0
64821.429688 0 0 0.000000 0 0
64285.714844 0 0 0.000000 0 0
66428.570313 0 0 0.000000 0 0
66428.570313 0 0 0.000000 1 0
67500.000000 0 0 0.000000 1 0
67500.000000 0 0 0.000000 0 0
66964.289063 1 0 0.000000 1 0
66964.289063 1 0 0.000000 0 0
68571.531250 0 1 69642.859375 0 0
68571.531250 0 1 69642.859375 1 0
70714.289063 1 0 0.000000 1 0
70714.289063 1 0 0.000000 0 0
72857.140625 1 0 0.000000 2 0
72857.140625 1 0 0.000000 0 0
75000.000000 0 0 0.000000 0 0
75267.859375 0 0 0.000000 0 0
75535.710938 0 0 0.000000 0 0
76071.429688 0 1 76607.140625 0 0
77142.859375 1 0 0.000000 0 0
77410.710938 1 0 0.000000 0 0
77678.570313 1 0 0.000000 0 0
78214.289063 1 1 78750.000000 0 0
79285.710938 0 1 79821.429688 0 0
80357.140625 0 0 0.000000 0 0
80625.000000 0 0 0.000000 0 0
80892.859375 0 0 0.000000 0 0
81160.710938 0 0 0.000000 0 0
81428.570313 0 1 81964.289063 0 0
82500.000000 1 0 0.000000 0 0
82767.859375 1 0 0.000000 0 0
83035.710938 1 0 0.000000 0 0
83303.570313 1 0 0.000000 0 0
83571.429688 1 1 84107.140625 0 0
84642.960938 1 0 0.000000 3 0
84910.710938 1 0 0.000000 3 0
85178.570313 1 0 0.000000 3 0
85446.429688 1 0 0.000000 3 0
MOVE 30000.000000 -678.840000 2139.480000 -308.121582
