BPM 0.000000 112.000000 0 -500.000000
LANE 0 1
0.0 0.713623046875
2142.85717773438 -235.862426757813
4285.71435546875 280.680053710938
5357.14306640625 -235.711975097656
6428.5712890625 83.760009765625
8571.4287109375 -89.7119750976563
9642.857421875 268.008056640625
10714.2861328125 -359.623962402344
12857.142578125 3.83203125
13928.5712890625 -257.315856933594
15000.0 -2.530517578125
23571.427734375 -2.530517578125
END
LANE 1 0
12857.142578125 3.83196330070496
13928.5712890625 261.231323242188
15000.0 -385.731811523438
17142.857421875 -385.731811523438
19285.71484375 -193.844116210938
21428.572265625 -443.820739746094
23571.427734375 0.0
32142.857421875 -1330.0263671875
34285.71484375 -1483.19653320313
38571.4296875 -1483.19653320313
END
LANE 2 0
15000.0 -2.530517578125
17142.857421875 397.97216796875
19285.71484375 182.632934570313
21428.572265625 394.743103027344
23571.427734375 0.0
25714.28515625 303.441528320313
32142.857421875 -1158.94189453125
34285.71484375 -1003.30377197266
38571.4296875 -1003.30377197266
END
0.000000 0 0 0.000000 0 0
535.714294 0 0 535.714294 0 0
1071.428589 0 1 1607.042847 0 0
2142.857178 1 0 2142.857178 0 0
2678.571533 1 0 2678.571533 0 0
3214.285645 1 1 3750.000000 0 0
4285.714355 0 0 4285.714355 0 0
4821.428711 0 0 4821.428711 0 0
5357.143066 1 0 5357.143066 0 0
5892.856934 1 0 5892.856934 0 0
7500.000000 2 1 8035.714355 0 1
6428.571289 2 0 6428.571289 0 1
6964.285645 2 0 6964.285645 0 1
8571.428711 0 0 8571.428711 0 0
9107.142578 0 0 9107.142578 0 0
9642.857422 0 0 9642.857422 0 0
10178.571289 0 0 10178.571289 0 0
10714.286133 1 0 10714.286133 0 0
11250.000000 1 0 11250.000000 0 0
11785.713867 1 0 11785.713867 0 0
12321.428711 1 0 12321.428711 0 0
12857.243164 2 1 15000.000000 1 1
13928.671875 2 1 15000.000000 0 1
17142.857422 2 0 17142.857422 2 1
17142.857422 2 0 17142.857422 1 1
17678.572266 2 0 17678.572266 0 0
18214.285156 2 0 18214.285156 2 0
18214.285156 2 0 18214.285156 1 0
18750.000000 2 0 18750.000000 0 0
19285.714844 1 0 19285.714844 2 1
19285.714844 1 0 19285.714844 1 1
19821.427734 1 0 19821.427734 0 0
20357.142578 1 0 20357.142578 2 0
20357.142578 1 0 20357.142578 1 0
20892.857422 1 0 20892.857422 0 0
21428.572266 0 1 23571.427734 2 1
21428.572266 0 1 23571.427734 1 1
21964.285156 1 0 21964.285156 0 1
22500.000000 1 0 22500.000000 0 1
23035.714844 1 0 23035.714844 0 1
24107.142578 1 0 24107.142578 2 0
24107.142578 1 0 24107.142578 1 0
24642.857422 1 0 24642.857422 2 0
24642.857422 1 0 24642.857422 1 0
25178.572266 1 0 25178.572266 2 0
25178.572266 1 0 25178.572266 1 0
25714.285156 0 1 32142.857143 2 0
25714.285156 0 0 25714.285156 1 0
26250.000000 0 0 26250.000000 1 0
26785.714844 1 0 26785.714844 1 0
27321.427734 1 0 27321.427734 1 0
27857.142578 2 0 27857.142578 1 0
28392.857422 2 0 28392.857422 1 0
28928.572266 2 0 28928.572266 1 0
29464.285156 2 0 29464.285156 1 0
30000.000000 0 1 32142.857422 1 0
36428.570313 1 1 36964.285156 1 0
36964.285156 0 1 37500.000000 2 0
37500.000000 1 1 38035.714844 1 0
38035.714844 0 1 38571.429688 2 0
ZOOM 15000.000000 -0.100000 2136.800000 -626.706116
MOVE 25714.285156 -1240.550000 6419.310000 -1.464966
