BPM 0.000000 193.000000 0 -500.000000
BPM 78652.848958 196.000000 0 -1150.895996
BPM 98244.687500 206.000000 0 -598.664124
BPM 102904.885417 209.000000 0 -687.695984
BPM 107498.187500 212.000000 0 -1264.117188
BPM 109762.335938 215.000000 0 -1319.356934
BPM 111994.898438 218.000000 0 -1245.837158
BPM 114196.734375 221.000000 0 -1355.437012
BPM 116368.679688 224.000000 0 -1259.756958
BPM 118511.539063 227.000000 0 -1287.357056
BPM 120626.070313 230.000000 0 -1326.192261
BPM 124799.984375 236.000000 0 -1552.521851
BPM 141071.177083 240.000000 0 -628.647949
LANE 0 1
0.0 110.0
7772.0205078125 110.0
8393.7822265625 339.895935058594
9015.5439453125 339.895935058594
9637.3056640625 -175.6240234375
12124.3525390625 -175.6240234375
13989.6376953125 -421.009887695313
15233.16015625 136.231323242188
20207.25390625 136.231323242188
21450.77734375 -576.5068359375
END
LANE 1 1
0.0 -110.0
7772.0205078125 -110.0
9015.5439453125 -337.031982421875
9637.3056640625 -337.031982421875
10259.0673828125 173.09130859375
12124.3525390625 173.09130859375
13989.6376953125 417.553833007813
15233.16015625 -142.549438476563
20207.25390625 -142.549438476563
21450.77734375 -575.768676757813
22694.30078125 -575.768676757813
23316.0625 2.5638427734375
23937.82421875 -639.16015625
25181.34765625 639.973876953125
27668.39453125 639.973876953125
28911.916015625 240.221923828125
29222.796875 455.322021484375
29533.677734375 353.798583984375
29844.55859375 550.87353515625
30155.439453125 340.153076171875
32642.486328125 340.153076171875
END
LANE 2 1
0.0 -330.0
8393.7822265625 -330.0
9015.5439453125 0.0
END
LANE 3 1
0.0 330.0
7772.0205078125 330.0
8393.7822265625 0.0
13989.6376953125 0.0
15233.16015625 448.927612304688
17720.20703125 -554.098876953125
18963.73046875 240.2236328125
20207.25390625 -509.575988769531
22694.30078125 -509.575988769531
23316.0625 3.87298583984375
23937.82421875 -638.825439453125
25181.34765625 639.973876953125
END
LANE 4 0
13056.9951171875 295.322540283203
13989.6376953125 -225.173431396484
14611.3994140625 313.558380126953
15233.16015625 -325.939788818359
20207.25390625 -325.939788818359
21450.77734375 -446.693542480469
22694.30078125 -446.693542480469
23316.0625 2.4329833984375
23937.82421875 -635.242309570313
25181.34765625 638.044677734375
END
LANE 5 0
13056.9951171875 -298.316925048828
13989.6376953125 232.677459716797
14611.3994140625 -330.916412353516
15233.16015625 330.976531982422
20207.25390625 330.976531982422
21450.77734375 -446.673461914063
END
LANE 6 0
16321.2431640625 10.1033782958984
17720.20703125 560.042236328125
18963.73046875 -235.045471191406
20207.25390625 552.936645507813
21450.77734375 -510.340148925781
END
LANE 7 0
20207.25390625 552.936645507813
21450.77734375 247.233032226563
24559.5859375 247.233032226563
25181.34765625 -597.591064453125
27668.39453125 -597.591064453125
28911.91796875 -244.255004882813
29222.796875 -485.263061523438
29533.677734375 -341.935791015625
29844.55859375 -422.557373046875
30155.44140625 -324.019897460938
32642.48828125 -324.019897460938
END
LANE 8 0
20207.25390625 330.976531982422
21450.77734375 71.0599365234375
24559.5859375 71.0599365234375
25181.34765625 -599.319091796875
END
LANE 9 0
20207.25390625 136.231323242188
21450.77734375 -131.987060546875
24559.5859375 -131.987060546875
25181.34765625 -598.894897460938
END
LANE 10 0
26113.98828125 639.973876953125
27668.39453125 156.641052246094
28911.91796875 156.641052246094
29222.796875 82.073974609375
29533.677734375 228.38720703125
29844.55859375 141.793701171875
30155.439453125 134.521057128906
32642.486328125 134.521057128906
END
LANE 11 0
26113.98828125 -597.591064453125
27668.39453125 -157.687866210938
28911.916015625 -157.687866210938
29222.796875 -73.1971435546875
29533.677734375 -252.356201171875
29844.55859375 16.38232421875
30155.44140625 -123.958984375
32642.48828125 -123.958984375
END
310.880829 1 0 310.880829 3 0
414.507782 2 0 414.507782 0 0
518.134705 2 0 518.134705 1 0
621.761658 1 0 621.761658 2 0
725.388611 2 0 725.388611 1 0
829.015564 2 0 829.015564 0 0
932.642517 1 0 932.642517 3 0
932.642517 1 0 932.642517 2 0
1036.269409 2 0 1036.269409 1 0
1139.896362 2 0 1139.896362 0 0
1243.523315 1 0 1243.523315 3 0
1347.150269 2 0 1347.150269 0 0
1450.777222 2 0 1450.777222 1 0
1554.404175 1 0 1554.404175 2 0
1554.404175 1 0 1554.404175 3 0
1658.031128 2 0 1658.031128 0 0
1865.285034 2 0 1865.285034 0 0
2072.538818 2 0 2072.538818 0 0
1761.658081 1 0 1761.658081 3 0
1968.911865 1 0 1968.911865 3 0
2176.165771 1 0 2176.165771 3 0
2176.165771 1 0 2176.165771 2 0
2279.792725 2 0 2279.792725 0 0
2383.419678 2 0 2383.419678 1 0
2487.046631 1 0 2487.046631 2 0
2590.673584 2 0 2590.673584 1 0
2694.300537 2 0 2694.300537 0 0
2797.927490 0 0 2797.927490 3 0
2797.927490 0 0 2797.927490 2 0
2901.554443 2 0 2901.554443 1 0
3005.181396 2 0 3005.181396 0 0
3108.808350 0 0 3108.808350 3 0
3212.435303 2 0 3212.435303 0 0
3316.062256 2 0 3316.062256 1 0
3419.689209 0 0 3419.689209 2 0
3419.689209 0 0 3419.689209 3 0
3523.316162 2 0 3523.316162 0 0
3626.943115 2 0 3626.943115 1 0
3834.196777 2 0 3834.196777 1 0
3937.823730 2 0 3937.823730 0 0
3730.570068 0 0 3730.570068 2 0
4041.450684 0 0 4041.450684 3 0
4145.077637 0 0 4145.077637 2 0
4248.704590 0 0 4248.704590 3 0
4352.331543 0 0 4352.331543 2 0
4455.958496 0 0 4455.958496 3 0
4559.585449 0 0 4559.585449 2 0
4663.212402 2 0 4663.212402 0 0
4766.839355 2 0 4766.839355 1 0
4870.466309 2 0 4870.466309 0 0
4974.093262 2 0 4974.093262 1 0
5077.720215 2 0 5077.720215 0 0
5181.347168 2 0 5181.347168 1 0
5284.974121 1 1 5906.735751 3 0
5388.601074 2 0 5388.601074 0 0
5492.228027 2 0 5492.228027 1 0
5595.854980 2 0 5595.854980 0 0
5699.481934 2 0 5699.481934 1 0
5803.108887 2 0 5803.108887 0 0
5906.735840 1 1 6528.497559 2 0
6010.362793 2 0 6010.362793 1 0
6113.989746 2 0 6113.989746 0 0
6217.616699 2 0 6217.616699 1 0
6321.243652 2 0 6321.243652 0 0
6424.870605 2 0 6424.870605 1 0
6528.497559 1 0 6528.497559 3 0
6632.124512 1 0 6632.124512 0 0
6735.751465 1 0 6735.751465 1 0
6839.378418 1 0 6839.378418 2 0
6943.005371 1 0 6943.005371 1 0
7046.632324 1 0 7046.632324 0 0
7150.259277 1 0 7150.259277 3 0
7253.886230 1 0 7253.886230 0 0
7357.513184 1 0 7357.513184 3 0
7461.140137 1 0 7461.140137 0 0
7564.766602 1 0 7564.766602 3 0
7668.393555 1 0 7668.393555 0 0
7772.020508 1 1 25181.347150 3 0
8393.682617 1 1 9015.444041 2 0
9015.444336 0 1 21450.777202 0 0
9637.305664 0 1 28911.837098 1 0
13989.637695 2 1 21450.777202 5 0
13989.637695 2 1 25181.347150 4 0
17720.207031 1 1 21450.777202 6 0
21450.777344 2 1 25181.347150 9 0
21450.777344 1 1 25181.347150 8 0
21450.777344 0 1 28911.837098 7 0
27668.393750 2 0 27668.393750 10 0
27720.206250 2 0 27720.206250 11 0
27772.021875 2 0 27772.021875 10 0
27823.834375 2 0 27823.834375 11 0
27875.646875 2 0 27875.646875 10 0
27927.462500 2 0 27927.462500 11 0
27979.275000 1 0 27979.275000 10 0
28056.993750 1 0 28056.993750 11 0
28134.715625 1 0 28134.715625 10 0
28212.434375 1 0 28212.434375 11 0
28290.156250 2 0 28290.156250 10 0
28393.781250 2 0 28393.781250 10 0
28497.409375 1 0 28497.409375 10 0
28601.037500 2 0 28601.037500 11 0
28704.662500 2 0 28704.662500 11 0
28808.290625 1 0 28808.290625 11 0
30155.440625 1 0 30155.440625 1 0
30233.159375 2 0 30233.159375 10 0
30310.881250 2 0 30310.881250 11 0
30388.600000 2 0 30388.600000 10 0
30466.321875 1 0 30466.321875 7 0
30544.040625 2 0 30544.040625 11 0
30621.762500 2 0 30621.762500 10 0
30699.481250 2 0 30699.481250 11 0
ZOOM 7772.020508 -0.200000 2484.880000 -497.712830
SPEED 10259.067383 0.900000 0.000000 -631.495850
ZOOM 15233.160156 -0.100000 2489.070000 -653.472595
SPEED 17720.207031 0.850000 0.000000 -821.224609
SPEED 18963.730469 0.800000 0.000000 -814.323547
ZOOM 20207.253906 -0.100000 1240.560000 -790.038696
SPEED 21450.776562 0.750000 0.000000 -788.931030
ZOOM 27668.393750 0.200000 1242.570000 -871.403198
